110000.0
gamma =  1.1
gamma =  1.15
gamma =  1.20
gamma =  1.25
gamma =  1.3
gamma =  1.35
gamma =  1.4
gamma =  1.45
gamma =  1.5
gamma =  1.55
gamma =  1.6
gamma =  1.65
gamma =  1.7
[[ 14.31302673  22.21199428  31.51317585  42.62940807  57.99811448
   75.51618077  93.11685815 115.46312832 144.34510637 168.73337267
  198.13181904]
 [ 13.92555665  21.22177304  31.31451607  42.26785671  57.27918519
   74.28668012  91.32727556 112.93711415 130.98979266 164.33022076
  192.6252332 ]
 [ 11.95259912  18.192029    25.47775805  35.19422539  44.71786459
   56.87369054  69.13177608  84.39942424 103.7354674  120.99033216
  141.74948178]
 [  9.90285078  14.95420418  20.66631509  27.04718635  35.15387433
   42.4066014   53.24755568  64.46519326  74.98185743  87.46900307
  102.39911706]
 [  8.39707556  12.30588797  16.80599822  21.75075232  27.04792362
   32.47598345  38.92251929  46.70997973  54.35201932  63.39740117
   71.68577452]
 [  7.11844638  10.38507583  13.7530102   17.22942654  21.25262731
   25.42473803  30.33861134  35.28380583  41.06969635  46.65330673
   53.11783357]
 [  6.15222574   8.78086123  11.35110113  14.15239369  17.01518775
   20.29082659  23.62913591  26.92610049  31.33123522  35.03656364
   40.06790549]
 [  5.4932866    7.5862764    9.62660127  11.76057342  14.10901418
   16.22418297  18.89293456  21.60280948  24.29619568  27.36127102
   30.86889195]
 [  4.88507038   6.65675964   8.44170506  10.00906272  11.81194283
   13.61396872  15.40337608  17.40393405  19.39986164  21.65629183
   24.22131956]
 [  4.39606311   5.92237676   7.31412605   8.6855685    9.99337586
   11.39215411  12.77667071  14.31230729  16.03628354  17.5905508
   19.34782278]
 [  3.99109702   5.38559646   6.50613675   7.64495702   8.71610031
    9.74261289  10.85094411  12.07326993  13.30781604  14.55656768
   15.82334021]
 [  3.69451584   4.88322855   5.85128562   6.74488878   7.63232873
    8.47957853   9.30424108  10.20741672  11.21074016  12.13774097
   13.18564033]
 [  3.44119134   4.46597587   5.31239968   6.0804238    6.7733472
    7.4223205    8.11337179   8.80051687   9.56356376  10.27368791
   11.07951324]]
