[1.1  1.15 1.2  1.25 1.3  1.35 1.4  1.45 1.5  1.55 1.6  1.65 1.7 ]
[ 2.  3.  4.  5.  6.  7.  8.  9. 10. 11. 12.]
[[ 14.31302673  22.21199428  31.51317585  42.62940807  57.99811448
   75.51618077  93.11685815 115.46312832 144.34510637 168.73337267
  198.13181904]
 [ 13.92555665  21.22177304  31.31451607  42.26785671  57.27918519
   74.28668012  91.32727556 112.93711415 130.98979266 164.33022076
  192.6252332 ]
 [ 11.95259912  18.192029    25.47775805  35.19422539  44.71786459
   56.87369054  69.13177608  84.39942424 103.7354674  120.99033216
  141.74948178]
 [  9.90285078  14.95420418  20.66631509  27.04718635  35.15387433
   42.4066014   53.24755568  64.46519326  74.98185743  87.46900307
  102.39911706]
 [  8.39707556  12.30588797  16.80599822  21.75075232  27.04792362
   32.47598345  38.92251929  46.70997973  54.35201932  63.39740117
   71.68577452]
 [  7.11844638  10.38507583  13.7530102   17.22942654  21.25262731
   25.42473803  30.33861134  35.28380583  41.06969635  46.65330673
   53.11783357]
 [  6.15222574   8.78086123  11.35110113  14.15239369  17.01518775
   20.29082659  23.62913591  26.92610049  31.33123522  35.03656364
   40.06790549]
 [  5.4932866    7.5862764    9.62660127  11.76057342  14.10901418
   16.22418297  18.89293456  21.60280948  24.29619568  27.36127102
   30.86889195]
 [  4.88507038   6.65675964   8.44170506  10.00906272  11.81194283
   13.61396872  15.40337608  17.40393405  19.39986164  21.65629183
   24.22131956]
 [  4.39606311   5.92237676   7.31412605   8.6855685    9.99337586
   11.39215411  12.77667071  14.31230729  16.03628354  17.5905508
   19.34782278]
 [  3.99109702   5.38559646   6.50613675   7.64495702   8.71610031
    9.74261289  10.85094411  12.07326993  13.30781604  14.55656768
   15.82334021]
 [  3.69451584   4.88322855   5.85128562   6.74488878   7.63232873
    8.47957853   9.30424108  10.20741672  11.21074016  12.13774097
   13.18564033]
 [  3.44119134   4.46597587   5.31239968   6.0804238    6.7733472
    7.4223205    8.11337179   8.80051687   9.56356376  10.27368791
   11.07951324]]
[5.60601932]
[[ 24.42191272  37.89969766  53.77004072  72.73735339  98.96054248
  128.85112358 158.88266161 197.01147043 246.29197276 287.90498182
  338.06671945]
 [ 30.48497405  46.45740323  68.55181692  92.53019809 125.3920772
  162.62384142 199.92806724 247.23499977 286.75481572 359.74163493
  421.6833398 ]
 [ 33.21650607  50.55600339  70.80318654  97.80543878 124.27181786
  158.05309527 192.11855403 234.54764605 288.28288712 336.23449281
  393.92457451]
 [ 34.59709544  52.24475668  72.20087343  94.49340483 122.81533596
  148.15382649 186.0283273  225.21882778 261.96037244 305.58608984
  357.74668383]
 [ 36.55078386  53.56505942  73.15313576  94.67665749 117.73418052
  141.36143502 169.42191114 203.31916276 236.58342664 275.95615759
  312.03378256]
 [ 38.28589834  55.85515941  73.96927955  92.66685981 114.30526901
  136.74457644 163.17338461 189.77065086 220.88952207 250.92044846
  285.68930168]
 [ 40.57222756  57.90735176  74.85737323  93.33112307 112.21045825
  133.81239065 155.82761752 177.57018728 206.62083279 231.05644911
  264.23675741]
 [ 44.10262048  60.90610114  77.28676358  94.41926928 113.27362717
  130.25517089 151.68113077 173.43724769 195.06098552 219.66881398
  247.8296012 ]
 [ 47.42876587  64.62995828  81.9598536   97.17720646 114.68122826
  132.17695656 149.55017259 168.97343332 188.35173808 210.25924212
  235.16289551]
 [ 51.29406224  69.10336699  85.34255031 101.34478972 116.60452343
  132.92572186 149.08051291 166.99859925 187.11426705 205.24973956
  225.75390796]
 [ 55.64073403  75.08174783  90.70343882 106.57997483 121.51301174
  135.82384234 151.27532412 168.31602883 185.52709922 202.93621192
  220.59655765]
 [ 61.20356572  80.8958501   96.93274018 111.73622244 126.43760464
  140.47319436 154.13460251 169.09666312 185.71777794 201.07452752
  218.43408978]
 [ 67.39224521  87.4616119  104.03796432 119.07893843 132.64914106
  145.35862565 158.8921649  172.34920487 187.29270502 201.19976688
  216.9810394 ]] 4298.202656163911
