[1.1  1.15 1.2  1.25 1.3  1.35 1.4  1.45 1.5  1.55 1.6  1.65 1.7 ]
[ 2.  3.  4.  5.  6.  7.  8.  9. 10. 11. 12.]
[[ 14.31302673  22.21199428  31.51317585  42.62940807  57.99811448
   75.51618077  93.11685815 115.46312832 144.34510637 168.73337267
  198.13181904]
 [ 13.92555665  21.22177304  31.31451607  42.26785671  57.27918519
   74.28668012  91.32727556 112.93711415 130.98979266 164.33022076
  192.6252332 ]
 [ 11.95259912  18.192029    25.47775805  35.19422539  44.71786459
   56.87369054  69.13177608  84.39942424 103.7354674  120.99033216
  141.74948178]
 [  9.90285078  14.95420418  20.66631509  27.04718635  35.15387433
   42.4066014   53.24755568  64.46519326  74.98185743  87.46900307
  102.39911706]
 [  8.39707556  12.30588797  16.80599822  21.75075232  27.04792362
   32.47598345  38.92251929  46.70997973  54.35201932  63.39740117
   71.68577452]
 [  7.11844638  10.38507583  13.7530102   17.22942654  21.25262731
   25.42473803  30.33861134  35.28380583  41.06969635  46.65330673
   53.11783357]
 [  6.15222574   8.78086123  11.35110113  14.15239369  17.01518775
   20.29082659  23.62913591  26.92610049  31.33123522  35.03656364
   40.06790549]
 [  5.4932866    7.5862764    9.62660127  11.76057342  14.10901418
   16.22418297  18.89293456  21.60280948  24.29619568  27.36127102
   30.86889195]
 [  4.88507038   6.65675964   8.44170506  10.00906272  11.81194283
   13.61396872  15.40337608  17.40393405  19.39986164  21.65629183
   24.22131956]
 [  4.39606311   5.92237676   7.31412605   8.6855685    9.99337586
   11.39215411  12.77667071  14.31230729  16.03628354  17.5905508
   19.34782278]
 [  3.99109702   5.38559646   6.50613675   7.64495702   8.71610031
    9.74261289  10.85094411  12.07326993  13.30781604  14.55656768
   15.82334021]
 [  3.69451584   4.88322855   5.85128562   6.74488878   7.63232873
    8.47957853   9.30424108  10.20741672  11.21074016  12.13774097
   13.18564033]
 [  3.44119134   4.46597587   5.31239968   6.0804238    6.7733472
    7.4223205    8.11337179   8.80051687   9.56356376  10.27368791
   11.07951324]]
[ 1.62227187 11.67040902] {'nfev': 38, 'fjac': array([[-0.70710678, -0.70710678],
       [-0.70710678,  0.70710678]]), 'r': array([ 8.74160622,  0.59311471, -0.        ]), 'qtf': array([-1.66593656e+01,  1.77635684e-15]), 'fvec': array([11.63308754, 11.63308754])} 4 The iteration is not making good progress, as measured by the 
  improvement from the last five Jacobian evaluations.
[[1.2641764  1.47294093 1.63909911 1.78262864 1.92887902 2.05426079
  2.15378673 2.25596708 2.36202368 2.43618433 2.51248268]
 [1.34469506 1.55979817 1.75843658 1.91157886 2.06674566 2.19949036
  2.30493167 2.41336687 2.48907804 2.60485361 2.68596675]
 [1.35723847 1.58702449 1.77128795 1.94803139 2.07904839 2.21059535
  2.31737225 2.42653679 2.53938713 2.62356203 2.71019001]
 [1.34020031 1.58112173 1.77022126 1.92750263 2.08073558 2.1903735
  2.32343819 2.43518291 2.52351598 2.61355442 2.70567101]
 [1.32550021 1.56357653 1.7577144  1.91837312 2.05414585 2.16807198
  2.28086535 2.39447644 2.48886366 2.58475658 2.66129436]
 [1.29979021 1.54990879 1.73592672 1.88517196 2.02415282 2.14285582
  2.25987436 2.35987596 2.46043619 2.54485531 2.63079471]
 [1.2763057  1.52622631 1.70658548 1.86153448 1.99095022 2.11463357
  2.22163198 2.31338898 2.41983088 2.49835361 2.59261704]
 [1.26682487 1.50688508 1.68401421 1.83290932 1.96829883 2.07217833
  2.18542491 2.28510008 2.37247609 2.46082804 2.5505272 ]
 [1.24625305 1.48938499 1.67602748 1.80983618 1.93996274 2.05151953
  2.14854499 2.24448559 2.32978799 2.41623784 2.50418608]
 [1.22694317 1.47389506 1.64879132 1.7911938  1.9074155  2.01596653
  2.11100578 2.20505307 2.29929521 2.37594905 2.45484846]
 [1.20747961 1.46890908 1.63381096 1.77453177 1.88892777 1.98606017
  2.08005652 2.17317965 2.25811587 2.33636339 2.40916099]
 [1.19847374 1.45429717 1.62015387 1.7504913  1.86384861 1.9603866
  2.04549957 2.13046093 2.21644337 2.2893023  2.36524375]
 [1.18957022 1.44048529 1.60754627 1.73752382 1.84140612 1.92947845
  2.01516882 2.09342339 2.17346168 2.24240688 2.31509273]] [11.633087542514655, 11.633087542514655]
