[10.    13.125 16.25  19.375 22.5   25.625 28.75  31.875 35.    38.125
 41.25  44.375 47.5   50.625 53.75  56.875 60.   ]
[1.1  1.15 1.2  1.25 1.3  1.35 1.4  1.45 1.5  1.55 1.6  1.65 1.7 ]
[ 2.  3.  4.  5.  6.  7.  8.  9. 10. 11. 12.]
[[ 6.90275536 11.29532354 10.70809634 ... 28.18310557 31.68718159
  35.64235099]
 [ 8.11082753 10.84983682 13.92134426 ... 39.51951933 44.49764604
  50.16065767]
 [ 8.38031636 11.35862881 14.87803881 ... 41.49053862 47.47562952
  53.31729061]
 ...
 [ 3.74183325  5.05787849  6.17902311 ... 12.931112   14.2441538
  15.57578988]
 [ 3.48649324  4.61292506  5.58359436 ... 10.89710108 11.86470344
  12.85210441]
 [ 3.23203926  4.24105487  5.09163913 ...  9.30589212 10.04402821
  10.87909813]]
Best value: 3.3528762234275455 (params: {'x0': -2.9941582116755523, 'x1': 0.44901219752608534, 'x2': 6.861705301091788})

{'x0': -2.9941582116755523, 'x1': 0.44901219752608534, 'x2': 6.861705301091788}
[[1.06113475e-03 1.33162983e-03 1.30230535e-03 ... 1.83384067e-03
  1.89820867e-03 1.96281440e-03]
 [1.17289789e-03 1.33592809e-03 1.47560514e-03 ... 2.06024506e-03
  2.12672435e-03 2.19384980e-03]
 [1.21419566e-03 1.38787727e-03 1.54203502e-03 ... 2.12779267e-03
  2.20475552e-03 2.27103393e-03]
 ...
 [4.01212201e-06 4.92843101e-06 5.53717158e-06 ... 7.78248112e-06
  8.07652550e-06 8.34825544e-06]
 [3.85005416e-06 4.71312271e-06 5.30184006e-06 ... 7.36317426e-06
  7.62542846e-06 7.87186367e-06]
 [3.66523481e-06 4.51412101e-06 5.08521686e-06 ... 6.96935914e-06
  7.20784350e-06 7.45737125e-06]] 3.3528762234275455
