[10.    13.125 16.25  19.375 22.5   25.625 28.75  31.875 35.    38.125
 41.25  44.375 47.5   50.625 53.75  56.875 60.   ]
[1.1  1.15 1.2  1.25 1.3  1.35 1.4  1.45 1.5  1.55 1.6  1.65 1.7 ]
[ 2.  3.  4.  5.  6.  7.  8.  9. 10. 11. 12.]
[[ 6.90275536 11.29532354 10.70809634 ... 28.18310557 31.68718159
  35.64235099]
 [ 8.11082753 10.84983682 13.92134426 ... 39.51951933 44.49764604
  50.16065767]
 [ 8.38031636 11.35862881 14.87803881 ... 41.49053862 47.47562952
  53.31729061]
 ...
 [ 3.74183325  5.05787849  6.17902311 ... 12.931112   14.2441538
  15.57578988]
 [ 3.48649324  4.61292506  5.58359436 ... 10.89710108 11.86470344
  12.85210441]
 [ 3.23203926  4.24105487  5.09163913 ...  9.30589212 10.04402821
  10.87909813]]
 active_mask: array([0, 0, 0])
        cost: 90376.52908031658
         fun: array([245.46083066, 245.46083066, 245.46083066])
        grad: array([   422.7097984 ,    -90.81205273, -11805.65299863])
         jac: array([[  0.57403564,  -0.12332185, -16.03195775],
       [  0.57403564,  -0.12332185, -16.03195775],
       [  0.57403564,  -0.12332185, -16.03195775]])
     message: 'The maximum number of function evaluations is exceeded.'
        nfev: 300
        njev: 279
  optimality: 87764.50504286101
      status: 0
     success: False
           x: array([-0.32041309,  1.50913678,  7.56589152])
[[0.52711816 0.66148646 0.64691954 ... 0.91095945 0.94293422 0.97502708]
 [0.61075006 0.69564296 0.76837544 ... 1.07280847 1.1074255  1.14237898]
 [0.66143429 0.75604751 0.8400251  ... 1.15911716 1.20104275 1.23714797]
 ...
 [0.35694466 0.43846552 0.49262307 ... 0.69238052 0.71854063 0.74271551]
 [0.35388411 0.43321449 0.48732742 ... 0.67679837 0.7009039  0.7235554 ]
 [0.34772869 0.42826434 0.48244543 ... 0.66119805 0.68382357 0.7074968 ]] [245.46083065710854, 245.46083065710854, 245.46083065710854]
