[10.    13.125 16.25  19.375 22.5   25.625 28.75  31.875 35.    38.125
 41.25  44.375 47.5   50.625 53.75  56.875 60.   ]
[1.1  1.15 1.2  1.25 1.3  1.35 1.4  1.45 1.5  1.55 1.6  1.65 1.7 ]
[ 2.  3.  4.  5.  6.  7.  8.  9. 10. 11. 12.]
[[ 6.90275536 11.29532354 10.70809634 ... 28.18310557 31.68718159
  35.64235099]
 [ 8.11082753 10.84983682 13.92134426 ... 39.51951933 44.49764604
  50.16065767]
 [ 8.38031636 11.35862881 14.87803881 ... 41.49053862 47.47562952
  53.31729061]
 ...
 [ 3.74183325  5.05787849  6.17902311 ... 12.931112   14.2441538
  15.57578988]
 [ 3.48649324  4.61292506  5.58359436 ... 10.89710108 11.86470344
  12.85210441]
 [ 3.23203926  4.24105487  5.09163913 ...  9.30589212 10.04402821
  10.87909813]]
Optimization terminated successfully.
         Current function value: 0.000000
         Iterations: 2
         Function evaluations: 12
         Gradient evaluations: 3
[-24.59937399  -0.52161467   5.82582875]
[[2.62388086e-25 3.29273737e-25 3.22022637e-25 ... 4.53456024e-25
  4.69372380e-25 4.85347517e-25]
 [2.77776613e-25 3.16386946e-25 3.49466567e-25 ... 4.87926443e-25
  5.03670690e-25 5.19567963e-25]
 [2.75920305e-25 3.15388640e-25 3.50420270e-25 ... 4.83530968e-25
  5.01020415e-25 5.16081874e-25]
 ...
 [1.06285629e-44 1.30559687e-44 1.46685909e-44 ... 2.06166687e-44
  2.13956254e-44 2.21154686e-44]
 [9.89910283e-45 1.21181896e-44 1.36318758e-44 ... 1.89318945e-44
  1.96061918e-44 2.02398161e-44]
 [9.15475328e-45 1.12750386e-44 1.27014798e-44 ... 1.74075514e-44
  1.80032201e-44 1.86264721e-44]] 9.041262683907859e-22
