[10.    13.125 16.25  19.375 22.5   25.625 28.75  31.875 35.    38.125
 41.25  44.375 47.5   50.625 53.75  56.875 60.   ]
[1.1  1.15 1.2  1.25 1.3  1.35 1.4  1.45 1.5  1.55 1.6  1.65 1.7 ]
[ 2.  3.  4.  5.  6.  7.  8.  9. 10. 11. 12.]
[[ 6.90275536 11.29532354 10.70809634 ... 28.18310557 31.68718159
  35.64235099]
 [ 8.11082753 10.84983682 13.92134426 ... 39.51951933 44.49764604
  50.16065767]
 [ 8.38031636 11.35862881 14.87803881 ... 41.49053862 47.47562952
  53.31729061]
 ...
 [ 3.74183325  5.05787849  6.17902311 ... 12.931112   14.2441538
  15.57578988]
 [ 3.48649324  4.61292506  5.58359436 ... 10.89710108 11.86470344
  12.85210441]
 [ 3.23203926  4.24105487  5.09163913 ...  9.30589212 10.04402821
  10.87909813]]
Best value: 0.025698888556087818 (params: {'x0': -4.947413527513485, 'x1': -3.1408290878905754, 'x2': 8.793327521190985})

{'x0': -4.947413527513485, 'x1': -3.1408290878905754, 'x2': 8.793327521190985}
