[10.    13.125 16.25  19.375 22.5   25.625 28.75  31.875 35.    38.125
 41.25  44.375 47.5   50.625 53.75  56.875 60.   ]
[ 2.  3.  4.  5.  6.  7.  8.  9. 10. 11. 12.]
[[ 6.09431866  8.30626787 10.36248555 12.30145414 14.33843753 16.55541343
  18.76775726 21.23827866 24.02845844 26.5102115  29.31723216]
 [ 6.22116011  8.63799233 10.77761871 13.1664736  15.55497402 17.92585598
  20.56610114 23.55401467 26.56199356 29.54091134 32.92379418]
 [ 6.33474888  8.68895555 11.19142308 13.45815548 16.15661967 18.90554647
  21.65832128 24.77271565 28.33445584 31.90384527 35.41079588]
 [ 6.30720476  8.80725951 11.35929736 13.89173466 16.39619271 19.52398573
  22.33979481 25.52396702 29.16593789 33.36151587 36.9098414 ]
 [ 6.32031214  8.84249425 11.41514874 13.96195511 16.77586307 19.61768846
  22.84938384 26.58026913 30.34521092 34.03859942 38.26124289]
 [ 6.25447444  8.91326854 11.31326445 14.09279008 16.93852331 19.80300921
  23.06104208 26.82433549 30.60294257 34.95605435 39.23382037]
 [ 6.20840823  8.85964039 11.45414282 14.01355127 16.84267435 20.07817648
  23.38012781 27.19528414 31.00688429 35.39771014 39.68380167]
 [ 6.18007069  8.83062163 11.42225606 13.9753163  17.1360503  20.02686098
  23.80394741 27.11637559 31.55344768 35.26264642 40.3158866 ]
 [ 6.16768003  8.6653085  11.41996776 13.97447512 17.143627   20.03221009
  23.81663095 27.117222   31.55413243 35.98943108 40.27125218]
 [ 6.06318405  8.67671796 11.22709728 14.00827318 17.19485507 20.09006171
  23.8927993  27.19216252 31.6414429  36.07613464 40.3388478 ]
 [ 6.06842147  8.69466033 11.25738158 14.05428903 16.90330887 20.16801493
  23.47401672 27.29708598 31.76419088 36.20387008 40.45374099]
 [ 5.98339201  8.57440299 11.31946501 13.85441791 17.01322634 20.30653356
  23.63594714 27.4864011  31.98565701 36.44465983 40.69622066]
 [ 5.90081708  8.6177691  11.16376123 13.94357102 16.77159278 20.01378168
  23.81634965 27.69806071 31.5061213  35.89171363 40.97348895]
 [ 5.92875405  8.50734412 11.01924913 13.76050051 16.90711076 20.18434329
  23.48990213 27.31350379 31.78350511 36.19774144 40.38282843]
 [ 5.86030695  8.4101407  11.11168447 13.88628608 16.70632206 19.94108814
  23.73758626 27.60483296 31.38481518 35.73768157 40.78290822]
 [ 5.79653814  8.48007256 10.99100614 13.73339481 16.88470757 20.1640602
  23.46501286 27.28376224 31.74906605 36.14385538 41.23336091]
 [ 5.8414857   8.39377229 10.87805434 13.59033771 16.70669929 19.94859497
  23.20999653 27.62636464 31.39690344 35.73783514 40.7685362 ]]
[-0.05053428  3.32454571] {'nfev': 66, 'fjac': array([[-0.70710678, -0.70710678],
       [-0.70710678,  0.70710678]]), 'r': array([-60.25819413,   2.91910322,  -0.        ]), 'qtf': array([-11.44312462,   0.        ]), 'fvec': array([7.97500577, 7.97500577])} 4 The iteration is not making good progress, as measured by the 
  improvement from the last five Jacobian evaluations.
[[1.33920247 1.56864725 1.73253691 1.85963254 1.97316914 2.07969827
  2.17263643 2.26426869 2.35572974 2.42856078 2.50313635]
 [1.33598036 1.57585871 1.73759911 1.88391881 2.00575811 2.10944061
  2.20986079 2.30900352 2.39684201 2.4745286  2.55376808]
 [1.33472096 1.56319539 1.74618669 1.87953773 2.0116647  2.1252687
  2.22355123 2.32069049 2.41781716 2.50360135 2.57900467]
 [1.31978714 1.5590537  1.74140408 1.88562849 2.00441133 2.12952868
  2.22607544 2.32156335 2.41714825 2.51346257 2.58589472]
 [1.31132828 1.55015682 1.73178316 1.87501953 2.00560339 2.11690284
  2.22535883 2.33292758 2.42714279 2.50883119 2.59200309]
 [1.29533955 1.54563511 1.71410431 1.86932729 1.9992834  2.10967917
  2.21729631 2.32410375 2.41721929 2.51118897 2.59275985]
 [1.28263604 1.53243413 1.71285926 1.85452793 1.98370512 2.10714083
  2.21409336 2.32027614 2.41241558 2.5054487  2.58573773]
 [1.2727684  1.52217166 1.70200296 1.84297369 1.98545588 2.09439377
  2.21513254 2.30617833 2.41207994 2.48974694 2.5833329 ]
 [1.26537127 1.50185062 1.69383846 1.83424198 1.97640167 2.0847042
  2.20505842 2.29532613 2.40072179 2.4921968  2.57038173]
 [1.24808086 1.49628515 1.67473807 1.82800473 1.96994476 2.07771103
  2.19776038 2.28733878 2.39228229 2.48311563 2.56045845]
 [1.24371753 1.49176496 1.66994206 1.82300377 1.95032216 2.07212707
  2.17683106 2.28090709 2.38544789 2.47568762 2.55224698]
 [1.22943896 1.4766986  1.66757045 1.80644534 1.94759257 2.06919834
  2.17353716 2.27725514 2.38143601 2.47112406 2.54695279]
 [1.21570068 1.47508398 1.65235946 1.80463658 1.93110955 2.05214919
  2.17128257 2.27469066 2.36291482 2.45216981 2.54285904]
 [1.21501702 1.46153814 1.63815307 1.78981296 1.93039562 2.0513454
  2.15488072 2.25783386 2.36130283 2.45008294 2.52477192]
 [1.20344162 1.44929968 1.63888747 1.79059671 1.91643012 2.03689333
  2.15550684 2.25823087 2.34557477 2.43397234 2.52385088]
 [1.19258442 1.45078653 1.6268029  1.77797676 1.91817312 2.03863102
  2.14152192 2.24385127 2.34671698 2.43470107 2.52410835]
 [1.19459323 1.43994706 1.61541998 1.76609003 1.90582187 2.02585677
  2.12834518 2.24624033 2.33283297 2.42048278 2.50962162]] [7.97500576870752, 7.97500576870752]
